400002
10132.086030921393 0 1535.0265061211339 
0 10134.722261483786 1980.4905965566063 
0 0 1 
-0.11297220005042122 0.61840754647444307 -0.001284339236345567 -0.00095746961247759822 0 
0.97525050642336109 0.016885144073855378 0.22045711970944129 -266.8011730063705 
0.08752768629579577 0.88614196556315128 -0.45507287438341071 461.60085490400718 
-0.20304027642978265 0.46310615281755851 0.86273248308490014 188.01195434152487 

400004
10134.700179288848 0 1163.6290612005071 
0 10137.715917764661 1929.094728565864 
0 0 1 
-0.070432407261762642 -0.040547272553123938 -0.0028601100891597676 -0.00020814274047749982 0 
0.90394846739720303 -0.0024874832760757581 -0.42763416691980882 442.61845679651293 
-0.11767350958885166 0.95993285702081033 -0.25432627696112531 279.70675883671925 
0.41113271997165357 0.28021906151940457 0.86743712402104056 186.27368731978908 

400006
10106.631293443415 0 1187.7581795492404 
0 10105.732127710498 2006.5424158708342 
0 0 1 
-0.075013560985764019 0.045356439602606935 -0.001202983137276469 0.00028754623327195645 0 
-0.077780302392472578 -0.050186900608776543 -0.99570653285344113 1007.0904889417125 
0.056446047632784414 0.99690845995130462 -0.054656803640127309 62.491514466511624 
0.99537132180225751 -0.060454921096655033 -0.074706989290321824 1159.661881186124 

400007
10196.559918785348 0 1066.8543991359095 
0 10200.914409772859 1795.8936462996842 
0 0 1 
-0.10449301146199615 -0.17159899538549742 -0.0049632667222484364 0.0003016674392235418 0 
0.99464084052929602 0.0047460847821908514 -0.10328152318016842 111.85565514709269 
-0.077379237500366946 0.69670066283416543 -0.71317644381337808 706.40742455511895 
0.068571509791145902 0.71734626303179061 0.69333418130024993 375.70725717075538 

400008
10289.688190203668 0 1530.7118685536984 
0 10288.465482639089 1988.6167457571858 
0 0 1 
-0.066118011936495566 -0.14841151504188674 -0.00011066154109592462 0.00019354548524891006 0 
-0.65548792869689487 0.018018151560305118 -0.75499067646362694 768.43329827323385 
-0.74490899096668728 0.14909527536543477 0.65029316007528293 -640.30520299648902 
0.12428262352254671 0.98865865953728205 -0.084308270129910712 1256.0386452114856 

400009
10178.036141782233 0 1563.2625342235322 
0 10176.435294881037 1926.6649876908318 
0 0 1 
-0.093637488022734625 0.19981312146718982 -0.0012128453424455339 0.00082913945873587373 0 
0.96290691265320671 0.025492001320499901 0.26862694472696774 -341.00607733759955 
-0.021337874965530416 0.99960348378435582 -0.018373086244138706 2.8796349633688259 
-0.26898879652622182 0.011959643592298216 0.96306904958498174 100.84208879090475 

400010
10087.844449773496 0 1189.8180051894365 
0 10087.718940699409 1969.5313130972977 
0 0 1 
-0.093124051837552499 0.13315959233719918 -0.0012149720413701429 0.00061808665105522092 0 
-0.44929533512975461 -0.05718735977118404 -0.89155106848292376 927.52588822117605 
-0.10635919063788661 0.99427569178638731 -0.010176998062030942 20.70618194006008 
0.88702955102831593 0.090252172301291733 -0.4528058314525143 1568.2025352848186 

400012
10145.177677996593 0 1607.7719034296165 
0 10144.794240042191 1938.6399449415089 
0 0 1 
-0.091682880885328374 0.16176364177386268 -0.00052789273241753577 0.00061798056688492189 0 
0.83837842939071794 0.046791479394722488 0.54307657525288855 -586.50185655870223 
0.056783989041935198 0.9833907603768649 -0.17238964874346965 164.93074049093471 
-0.54212285297784524 0.17536581725485936 0.82179659430889396 237.91871507972661 

400013
10158.679672853234 0 1166.1081119294461 
0 10159.309903794412 1879.3803743807587 
0 0 1 
-0.087230612095393734 0.18373555830228328 -0.0019176758239517681 0.00023391222189721503 0 
0.99546424223326047 -0.0078576226726471011 -0.094811392780060053 74.428260852881593 
-0.01094041703318401 0.98051693733876399 -0.19612965830529139 181.08374797469031 
0.094505289323405281 0.19627733786085605 0.97598358435588195 47.521282182607465 

400015
10148.033087925014 0 1658.2752821015085 
0 10146.133254515546 1887.1446255859253 
0 0 1 
-0.092778366514050359 0.16531302701079223 -0.00088727375127613717 0.00068663909803654162 0 
0.9876936374895765 0.011965198385416452 0.15594265769893356 -217.32395319153233 
-0.013307617004525749 0.99988281538949719 0.0075672199937258074 2.8888582516224619 
-0.15583384033087933 -0.0095493202046121588 0.98773712327286745 36.357622917852794 