400002
10132.086030921393 0 1535.0265061211339 
0 10134.722261483786 1980.4905965566063 
0 0 1 
-0.11297220005042122 0.61840754647444307 -0.001284339236345567 -0.00095746961247759822 0 
0.97525050642336109 0.016885144073855378 0.22045711970944129 -266.8011730063705 
0.08752768629579577 0.88614196556315128 -0.45507287438341071 461.60085490400718 
-0.20304027642978265 0.46310615281755851 0.86273248308490014 188.01195434152487 

400004
10134.700179288848 0 1163.6290612005071 
0 10137.715917764661 1929.094728565864 
0 0 1 
-0.070432407261762642 -0.040547272553123938 -0.0028601100891597676 -0.00020814274047749982 0 
0.90394846739720303 -0.0024874832760757581 -0.42763416691980882 442.61845679651293 
-0.11767350958885166 0.95993285702081033 -0.25432627696112531 279.70675883671925 
0.41113271997165357 0.28021906151940457 0.86743712402104056 186.27368731978908 

400006
10106.631293443415 0 1187.7581795492404 
0 10105.732127710498 2006.5424158708342 
0 0 1 
-0.075013560985764019 0.045356439602606935 -0.001202983137276469 0.00028754623327195645 0 
-0.077780302392472578 -0.050186900608776543 -0.99570653285344113 1007.0904889417125 
0.056446047632784414 0.99690845995130462 -0.054656803640127309 62.491514466511624 
0.99537132180225751 -0.060454921096655033 -0.074706989290321824 1159.661881186124 

400007
10196.559918785348 0 1066.8543991359095 
0 10200.914409772859 1795.8936462996842 
0 0 1 
-0.10449301146199615 -0.17159899538549742 -0.0049632667222484364 0.0003016674392235418 0 
0.99464084052929602 0.0047460847821908514 -0.10328152318016842 111.85565514709269 
-0.077379237500366946 0.69670066283416543 -0.71317644381337808 706.40742455511895 
0.068571509791145902 0.71734626303179061 0.69333418130024993 375.70725717075538 

400008
10289.688190203668 0 1530.7118685536984 
0 10288.465482639089 1988.6167457571858 
0 0 1 
-0.066118011936495566 -0.14841151504188674 -0.00011066154109592462 0.00019354548524891006 0 
-0.65548792869689487 0.018018151560305118 -0.75499067646362694 768.43329827323385 
-0.74490899096668728 0.14909527536543477 0.65029316007528293 -640.30520299648902 
0.12428262352254671 0.98865865953728205 -0.084308270129910712 1256.0386452114856 

400009
10178.036141782233 0 1563.2625342235322 
0 10176.435294881037 1926.6649876908318 
0 0 1 
-0.093637488022734625 0.19981312146718982 -0.0012128453424455339 0.00082913945873587373 0 
0.96290691265320671 0.025492001320499901 0.26862694472696774 -341.00607733759955 
-0.021337874965530416 0.99960348378435582 -0.018373086244138706 2.8796349633688259 
-0.26898879652622182 0.011959643592298216 0.96306904958498174 100.84208879090475 

400010
10087.844449773496 0 1189.8180051894365 
0 10087.718940699409 1969.5313130972977 
0 0 1 
-0.093124051837552499 0.13315959233719918 -0.0012149720413701429 0.00061808665105522092 0 
-0.44929533512975461 -0.05718735977118404 -0.89155106848292376 927.52588822117605 
-0.10635919063788661 0.99427569178638731 -0.010176998062030942 20.70618194006008 
0.88702955102831593 0.090252172301291733 -0.4528058314525143 1568.2025352848186 

400012
10145.177677996593 0 1607.7719034296165 
0 10144.794240042191 1938.6399449415089 
0 0 1 
-0.091682880885328374 0.16176364177386268 -0.00052789273241753577 0.00061798056688492189 0 
0.83837842939071794 0.046791479394722488 0.54307657525288855 -586.50185655870223 
0.056783989041935198 0.9833907603768649 -0.17238964874346965 164.93074049093471 
-0.54212285297784524 0.17536581725485936 0.82179659430889396 237.91871507972661 

400013
10158.679672853234 0 1166.1081119294461 
0 10159.309903794412 1879.3803743807587 
0 0 1 
-0.087230612095393734 0.18373555830228328 -0.0019176758239517681 0.00023391222189721503 0 
0.99546424223326047 -0.0078576226726471011 -0.094811392780060053 74.428260852881593 
-0.01094041703318401 0.98051693733876399 -0.19612965830529139 181.08374797469031 
0.094505289323405281 0.19627733786085605 0.97598358435588195 47.521282182607465 

400015
10148.033087925014 0 1658.2752821015085 
0 10146.133254515546 1887.1446255859253 
0 0 1 
-0.092778366514050359 0.16531302701079223 -0.00088727375127613717 0.00068663909803654162 0 
0.9876936374895765 0.011965198385416452 0.15594265769893356 -217.32395319153233 
-0.013307617004525749 0.99988281538949719 0.0075672199937258074 2.8888582516224619 
-0.15583384033087933 -0.0095493202046121588 0.98773712327286745 36.357622917852794 

400016
10162.077758052374 0 1553.9095933862454 
0 10162.012221688145 1922.1315875492487 
0 0 1 
-0.099025477601310627 0.27824968565277536 -0.00054401077049946668 0.00059062687434976915 0 
0.96917865910847911 0.03100293638772508 0.24440037779027474 -295.12064064353274 
0.013711477289005358 0.98372407358807679 -0.17916177726801327 183.14607732614601 
-0.245977076410066 0.17699086128560079 0.95297928251465036 101.32257677931258 

400017
10153.442696634385 0 1207.8924141139842 
0 10155.347858263442 1907.3337369138717 
0 0 1 
-0.079897532356729209 0.089759525924317629 -0.0029065636756061618 0.00042213330593173182 0 
0.9234422702465418 -0.015414456756242506 -0.38342765685957347 380.43181866103191 
-0.048364674479830061 0.98654983254994 -0.15614187829709705 176.95650271171539 
0.38067733290067718 0.16273236438580777 0.91027630189796316 106.36892664446768 

400018
10148.801329237256 0 1246.7673503695426 
0 10149.8601690862 1969.9986478004676 
0 0 1 
-0.090312774825770464 0.24071424912949932 -0.0022163335024370581 -0.00048885944219661853 0 
0.64125668896007126 -0.029673688050816986 -0.76675245751248133 760.93907479844472 
0.025377284466650912 0.99952548665748731 -0.017458377794393964 10.796095360676954 
0.76690667769753151 -0.008262793690750796 0.64170544172802435 408.9840964434332 

400019
10153.054301702919 0 1522.7907969919718 
0 10150.250365050595 1863.4086503527797 
0 0 1 
-0.079445439698632367 -0.00077205319228327077 -0.0018486424148063453 0.00074480713164980586 0 
0.9533637829952486 0.014643906876197477 0.30146816293663542 -337.03664054015638 
-0.062275891279153769 0.98687364396551802 0.14900377247441451 -112.13459391236529 
-0.29532898712855044 -0.16082899874593923 0.94176155290179642 104.37803700184044 

400023
10150.002264239603 0 1214.4672951001101 
0 10150.199860510453 1949.483716542773 
0 0 1 
-0.072723795517124587 -0.12883651102470289 -0.0027533115210014152 9.4499704403074882e-05 0 
0.99376741467217522 -0.0044991279863706634 -0.11138259910391378 118.28898400176062 
0.0040542423489527716 0.9999828756050122 -0.0042203809906978902 0.26186328763377043 
0.11139967977852035 0.0037425050558339201 0.99376863756165612 45.838975208029979 

400025
10295.423855326124 0 1169.8685098175863 
0 10294.649247435809 2060.3849935934363 
0 0 1 
-0.063654314441150509 -0.3309871597802671 -0.0004919931189040816 0.00089311980167570287 0 
-0.74709418577766362 -0.033174704683683331 0.66388983765859899 -664.74801021274868 
0.65143606422787048 0.16211806778452975 0.74118067049884184 -764.15138808244637 
-0.13221698756405076 0.98621355246567222 -0.099506266800271082 1271.776647132745 

400026
10156.484498300846 0 1157.2412191289488 
0 10155.70372316704 1915.4423643771174 
0 0 1 
-0.083005557719354486 0.086288999762175037 -0.0034198988378964556 0.00017690644938562016 0 
0.91254506361947663 -0.011302235404983416 -0.40881996812603921 406.84020166665465 
0.069655040053861278 0.98930832565314653 0.12812966943086504 -109.24279481261001 
0.40300084647407425 -0.14540046859696878 0.90357568663226084 128.0704911131148 

400027
10163.735976953147 0 1131.0876815851091 
0 10161.86911472099 1972.1714844626595 
0 0 1 
-0.083067642682696716 0.029699835261870221 -0.0023730287984647692 0.00084736187000410102 0 
0.95395769958021215 -0.001354780030179803 -0.29993811358795253 299.57853515586601 
0.091972841493509441 0.95313831158585516 0.28821581395696361 -293.84410365333565 
0.28549203813633661 -0.30253185544391037 0.90937823407118423 123.41065585930789 

400028
10156.745730454964 0 1232.3663216967709 
0 10159.160800400157 1972.8434835464182 
0 0 1 
-0.083627023157315253 0.13019950044601111 -0.0018186736308591284 -0.00032154343921934745 0 
0.80985040625912708 -0.034837373752526393 -0.58560112437729628 575.00785472019311 
-0.064020602113055686 0.98702454285565022 -0.14725459010053446 168.35655316393016 
0.58313264527636299 0.15674472619715599 0.7971119173757033 191.40050187458885 

400029
10162.663562621223 0 1211.0362996557451 
0 10162.289827099117 1921.627716445219 
0 0 1 
-0.07050746927321952 -0.095703914696334463 -0.0024490116513849595 0.00049746783164246163 0 
1 0 0 0 
0 1 0 0 
0 0 1 0 

400030
10118.304092582312 0 1556.8005138086974 
0 10119.42760135722 1928.206091114615 
0 0 1 
-0.10149818177296088 0.30626265268922276 -0.00078565615671497805 0.00047038390555764281 0 
0.99177720505664835 0.012678447941169742 0.12734689822616779 -165.76710701575024 
0.023941789316674532 0.95913089678305574 -0.28194806890710794 306.29135472762783 
-0.12571700861195695 0.28267858035927368 0.95094061536550578 44.109980727215358 

400031
10184.838129686832 0 1188.6912633429172 
0 10179.776540110914 1979.9547357156227 
0 0 1 
-0.078206364632849135 0.033134564024335511 -0.0010899516264145067 -0.00026848974769078777 0 
0.99873343872749221 -0.022291395839327793 0.0451066739972356 8.5739495545102624 
-0.008511037484375655 0.80873107172814673 0.58811700864911465 -578.82568628405795 
-0.04958911784351526 -0.58775602701544261 0.80751704136725455 230.28884422246719 

400035
10146.851122589283 0 1580.1391249641119 
0 10145.165440905341 1921.1624197414403 
0 0 1 
-0.082802157652321545 -0.076755280726267791 -0.0010040271875178144 0.00048972008356835278 0 
-0.22949529661614498 0.043679488416407043 0.97232916809213787 -987.14416127020229 
-0.058599565704714036 0.99656020507827636 -0.058599049084116575 65.887333992230452 
-0.97154413164317288 -0.070426273123208524 -0.22614628080887966 1365.1786946946447 

400037
10130.472783710213 0 1181.2084419256657 
0 10133.391622195877 1977.6577744890137 
0 0 1 
-0.09188327632915147 0.19417261686003223 -0.0020517893146701363 0.00012867692293895344 0 
0.99448439396052313 -0.0052584916590220181 -0.10475274905434699 86.738132520031414 
-0.04238396301093611 0.89341592651303692 -0.44722654430650638 477.55171105628045 
0.095939511404106073 0.44919965551892832 0.88826532051702745 139.69113636157408 

400039
10144.284346393926 0 1542.8363423522053 
0 10143.823528617422 1921.3930358771927 
0 0 1 
-0.087134204652921904 0.061030838168289844 -0.0011932299536239789 0.00012069964793862107 0 
0.71246948343995564 0.05036067992883337 0.69989358982913141 -737.54452208478631 
0.067030001329450112 0.98797561210326723 -0.13932397069760971 156.88500854150686 
-0.69849424771330559 0.14617794569044978 0.70052679756390712 375.60447156880139 

400041
10172.940282791968 0 1476.6676707587676 
0 10176.400346953254 1839.3182707342532 
0 0 1 
-0.11052503831120164 0.2063960752283503 -0.0036295610860424547 -0.00074685243325983274 0 
0.96400317816641301 0.03874442403882402 0.26305273633048315 -291.01714212364033 
0.15827863660145969 0.7113254341665487 -0.68480946248088159 694.68433235223938 
-0.213648650079138 0.70179412673067509 0.67958756463438263 396.33139670837625 

400042
10149.439417153741 0 1602.7770037216374 
0 10146.810291539939 1939.450068442377 
0 0 1 
-0.097064439618663276 0.15880058105619441 -0.0002884309865009848 0.00045791037341401142 0 
0.55543919606150027 0.05407296706926127 0.82979721240245241 -893.20502789475916 
-0.054616051710351464 0.99810112467423107 -0.028482131584684916 33.85664298918207 
-0.82976164431367061 -0.029500155192162588 0.55733773824272104 524.4284599978597 

400048
10139.843106820304 0 1190.7909383734993 
0 10142.248982827132 1880.1861547973638 
0 0 1 
-0.084993667438684931 0.19300162037216625 -0.003197737471765983 0.00011091317906014861 0 
0.99990639612654975 0.012934564169562443 0.0044604971649770554 -21.948123768065955 
-0.011040313044061497 0.95532425930661113 -0.29535346801445195 306.92656669321423 
-0.008081489535006682 0.29527657650077532 0.9553776388930596 44.618846303573967 

400051
10156.398778399314 0 1485.0270877070786 
0 10152.409103575907 1941.6749768864738 
0 0 1 
-0.075592571260966038 -0.10125018151146863 -0.0016471554952604257 0.0010905026519241385 0 
0.88966577792344659 0.019569314362637494 0.45619277233122069 -488.81995309070555 
-0.16509170020251301 0.94527889801000975 0.28141168330619304 -260.43959619754872 
-0.42572236741344971 -0.32567598454961 0.8442130175326189 200.24556817618972 

400053
10136.509194712062 0 1581.7574635201308 
0 10136.72014629247 1956.5501433836607 
0 0 1 
-0.089030939806605022 -0.0092458613570532699 -0.00069012215833496563 4.6558416681338573e-05 0 
0.21513806971163263 0.06478722779141588 0.97443225833089875 -1005.8486067822043 
0.10336516995033143 0.99068154635810823 -0.0886888682228303 99.340064852965924 
-0.97109796241259383 0.11980270790182772 0.20643657277114824 897.84278697108425 

400055
10187.657422448314 0 1138.7936814208756 
0 10191.950943416792 1794.1048786517194 
0 0 1 
-0.078882377059523723 -0.16439031108470117 -0.004306806562530725 -0.00035336572665691711 0 
-0.97312198501591274 -0.011087729370215585 -0.23002318260580396 285.01706696947815 
-0.13620275870338988 0.83312473722609859 0.53605221829923477 -502.95272173568054 
0.18569440163956563 0.55297399078017861 -0.81224217738330173 2013.8938701827326 

400059
10122.631664895413 0 1212.3772551735819 
0 10123.650463771122 1976.0137847800713 
0 0 1 
-0.077949974912497486 -0.052726400305753256 -0.0009471168208181267 3.9758870576782011e-05 0 
0.3393333210632572 -0.064632139941292577 -0.93844317020413648 933.32863423668744 
-0.11967158496554406 0.98656431047741466 -0.1112185822785829 107.10590143376766 
0.93302283410858444 0.15004515246695749 0.32703951329029413 740.43552107301662 

400060
10127.612092510859 0 1558.9711800125121 
0 10128.442110957083 1889.2158551164589 
0 0 1 
-0.099095361520874517 0.30449266695165828 -0.0018827112666706626 -0.00032723583936020948 0 
0.82094420068505014 0.042568264409835264 0.56941949582598472 -615.91976045327317 
0.13440868856329288 0.95479098478581104 -0.26515746229445797 259.1006117659648 
-0.55496389414112335 0.29421440861534215 0.77810857723253801 296.17340563212565 

400061
10178.517986915855 0 1558.6899587241603 
0 10174.94394111516 1914.030022861039 
0 0 1 
-0.0796768641834594 -0.24943169126213213 -0.0010076792578232428 0.00077406841640218773 0 
0.99052084563056364 0.04278768722799816 0.13052841910094565 -223.96213171128028 
-0.11064661048209926 0.81163541791574045 0.57358981508876539 -570.49124243968151 
-0.081398906381693545 -0.582595195831909 0.80867611305976128 224.7169467915684 

400064
10116.931364954979 0 1216.893566098626 
0 10115.953913366933 1917.2125142577013 
0 0 1 
-0.079844087812001294 -0.01049217868198191 -0.0028006159797675473 0.00035329069253250728 0 
0.98864888920973137 -0.0072954287435757076 -0.1500671535806947 134.02172338655694 
0.02761035279228146 0.99063186701745098 0.1337391957064385 -121.68482142454974 
0.1476856197571387 -0.13636451433186975 0.97958852430394627 45.402316711164765 

400069
10132.855346507558 0 1559.6649494361325 
0 10129.975249045552 1903.6147369466059 
0 0 1 
-0.087299903984418323 0.014846480418050338 -0.0012048659313109893 0.00047672529605249128 0 
0.9778581179387722 0.029213209295667161 0.20721990634079987 -270.05576657755307 
-0.093106895580454957 0.94753715453536791 0.30578496818906659 -290.23640571843646 
-0.18741560014207084 -0.31830791566919253 0.92927684983847614 117.91904811070886 

400070
10189.845406350285 0 1475.7277658044864 
0 10193.664526898798 1794.6320684827992 
0 0 1 
-0.077591934236351398 0.00076555681821697912 -0.0048522146002538151 -0.00071957187985161942 0 
-0.9996972400264732 0.014327255155066224 0.020003950689152235 27.855383111449651 
0.023199505473614528 0.81972037593013847 0.57229388274795689 -577.36652920767517 
-0.008198245497186292 0.57258469683067337 -0.81980458264521427 2020.6388151350002 
